1181952
2359864
1528337
8770310
2750929
2958640
3442884
3265616
1624452
1097170
4871286
2196890
1364752
2018323
2985823
2264923
1976900
2102521
7236910
1527104
8140876
9853540
5995857
1700303
1903238
1027415
1561344
2068524
2286256
1051765
1462413
3495440
1198779
6535585
2177847
1868157
4591164
1230270
3495349
1988599
3140777
2535708
2995169
3198125
9929627
1070767
1902899
6245991
2236738
2976818
1378531
3405173
3242330
1594353
6784652
2758047
3777308
2076735
7992245
1524292
1533437
4595084
2368153
2838062
2911635
2066610
1566938
6653562
8518236
1798530
4254260
2677944
1482130
2211837
1101159
9054344
4709447
1566237
1930812
1432966
9184106
2034134
1323748
2311514
2394532
2568985
3166422
1834984
2142966
1335187
1715093
1504801
1136074
1740948
1609873
1794008
3208993
1807446
1893570
2321005
1565125
1410400
1956684
9920074
1414208
1794609
4854858
2344142
2233153
1954485
2751867
2020254
1929041
2595503
5383506
6725420
1454728
2906582
2522091
1156170
3097710
1293769
2888499
1171288
1133902
3454074
1674375
1773512
6463429
1172065
1997850
7038597
9279103
3450322
1339795
1563893
7528019
2406666
3441961
8557419
5888799
1695521
1924502
1176001
1979974
7039743
5246201
3416581
3485664
3356560
1464421
1203805
1666110
1347326
2692482
3304410
6706601
2862941
2599050
1271607
2225815
1142243
2044736
1203937
1340234
1244831
1143349
1032453
3284981
1206908
1679880
2373113
2077423
4672817
2721500
2090349
2485526
3055567
3229264
2641859
2246799
1237516
2849220
2197598
2256604
1757492
9044879
2594933
1335452
2637862
2082061
1005033
1550225
8537878
3095783
1563194
2652040
2245716
4687498
1080650
1213542
1659741
2048512
1761272
1301996
2308635
2468107
3355544
2059131
1426850
3175649
1478632
2727278
3477452
3111309
3474801
1714796
1442372
3010580
7984570
1058466
1287678
1113359
2011559
7337310
3327491
2344812
1275171
1009092
8664963
2444820
6206449
7865921
3019474
1294292
2081173
1245205
2428260
2795118
2970860
8885264
1882528
1498627
1199679
1217658
3443647
1211840
1376663
7540892
3014755
1756537
4516415
9164018
1629129
1605723
2832622
2912549
2557927
2348523
2440850
1071174
2014189
4288243
1425735
1862646
1364438
3364222
1653790
2199472
2293534
2814177
1320136
1604648
1205564
3066019
7038531
1670066
3208795
3267121
2337548
2290672
3132323
2311104
2461608
7203590
1009428
1939599
1603684
2807120
1500551
2483428
1340747
3079961
2923943
2365166
1212078
2885397
3354165
2422611
2244051
1436400
1219934
1003876
2004291
2143129
1148118
3351842
1326536
1497091
2306391
3184704
1510396
1563338
2307719
7086697
3115623
1875801
1902122
1093805
2625734
2100428
1870389
1268889
1614533
7753298
1115687
1089420
5110764
1975134
5546741
1997864
1527923
1971011
1587941
2117955
2737657
1835160
1629252
1524772
3174138
2296195
7295262
1010045
1579091
1016147
2612785
3492851
3026483
2551592
1175298
1589858
2437775
1621053
2135742
1890492
1945345
8997580
6635097
1247516
2459719
3267764
1212267
6438434
3772563
3250851
3156586
1322670
1528518
4537515
1565774
1016213
3469624
3467596
9731611
1229711
1662752
1124891
2085362
2442437
1319112
2688383
3247599
2197276
2434055
1404584
1913669
2814645
2739895
1160171
2243861
1170546
2173496
3208645
3503506
1268763
6993396
1003250
1876980
3142761
2360599
9018803
1521013
3121147
3072869
1045673
1648999
6507172
9059127
1623373
2559285
3066453
1785577
1542314
8789807
3446146
7121587
1187869
4749022
3365482
3052578
3516737
2009089
1805612
1881890
1681950
2884389
2032253
2521270
2096215
1296249
2143227
1658628
7533096
7569121
2809077
2447305
7704236
1569806
5588767
1000594
1136736
1485937
6772539
3475192
1331496
1510308
3109178
2425430
1544835
8496141
6937054
8107852
4203360
1251829
3186687
1528383
2871693
4804137
2182985
2147013
1608135
1052183
2886056
1538864
2313747
1694614
1944472
3723162
2493796
2755661
1047029
1148042
1537615
7685994
1466681
3967781
1706124
1336426
2935675
2899258
2387816
2835244
1071450
2792823
1601729
2939424
1265700
2211875
2638600
2531727
2770290
3442604
3505608
4523703
9562151
2631633
2775394
1187266
7708049
7061596
1858734
8321697
2024146
3267142
3166646
2529628
2880782
2817670
1490343
2167147
5412081
2944793
1260465
2398679
8455295
7786899
1115228
1144580
3459286
3379446
1978561
2540791
1717985
1668603
1924855
2062037
3481794
1053013
1988118
6278984
3399931
2788754
1924539
1174258
9207943
2022495
3370479
3023251
1360560
2280913
3122353
3008915
2251915
2871067
3496266
2352536
6797863
1936470
3321622
1295183
2264262
1125891
2381856
2722556
4484392
6305392
2530175
2458210
1525062
3370957
1832332
2591167
3315559
2718768
1502292
1977970
1434420
6081871
1546025
9601993
2213805
1535057
2788067
1622081
6687008
1064729
2900826
1759843
2958116
2874387
5273061
1250752
3297669
4706768
1079648
3024463
7132430
1923694
2894038
1240442
3033749
5763653
5840447
1687072
7143708
2692467
2516513
1539069
1292976
1153769
2644753
2898535
7485462
1278261
1606578
3168247
3472706
3450471
1994135
4492648
8470634
3198865
5513486
1984047
1415949
2663251
1848473
2642860
1462043
1539895
2359418
1773230
2426141
2002753
1415574
1841188
1989317
1185033
5060256
3264378
2743156
1935199
1652463
1204951
1736462
2729188
1063300
1307705
3399932
1013146
3475096
1865275
1983750
2156329
1413329
1931967
3280967
1467979
1202958
2138982
1789657
7113325
3154059
3353138
1292942
2260104
9107332
1966704
1617170
4953892
7997863
1833322
1109538
1840921
1105470
1676303
1088008
3235487
3200423
9507969
2577779
1612769
1313062
2539736
2951215
3408160
2833839
9571432
4721431
2003425
2781745
7116419
4757588
1050600
2482307
1110269
7942795
2478704
1137397
3038154
2275398
2008799
1392012
1754119
1279902
2330487
1304880
1318107
8682250
3356802
1242059
2794417
1674065
1488884
3802614
2643706
1012906
1840142
2354042
1612653
2915998
1956672
6258300
6519067
1039457
1860733
2637225
1049570
1129579
1374015
3366324
1244140
2002541
1053792
8983048
1557924
1198238
1320881
1168814
2251691
2077292
2579342
4854934
2210015
2692925
2117634
2057066
2202008
1808027
8259987
2538625
2422856
2182513
1502784
1305641
2789453
2253639
1974692
2017443
1601788
1030912
3346202
1637699
1060300
2939673
3119684
2226605
1023339
1814484
1578661
2682780
1447486
3082410
1372949
1929698
2074160
2379466
1688152
7197099
2684763
1981762
1933009
2078051
2569852
1048594
1906422
1936199
3295077
3491784
3190153
2811814
1712421
3100770
3406655
1064228
3389571
2074680
2088169
2926844
1664327
1242652
3413483
2200821
2851312
1560317
1504439
2114941
1166463
2404428
1291010
2024898
3818136
3462781
2837305
1166952
1571582
1724518
3244320
1621384
2157162
3117767
2610719
1835297
3478455
3292109
2812804
3434133
1567237
1027683
1578612
2246064
1361749
2984592
1385712
2257889
3013549
4757147
2195198
1321538
1943483
1181629
1105089
2170667
2177104
2181199
2027678
1815959
1782203
3389089
1287241
2394548
3244286
2960959
2967735
1143193
3225204
2971831
1984197
2931373
7161387
1271450
3447968
2334174
1758980
2278394
2714566
2970282
3182127
1695135
4086443
2170903
1255685
2491856
2081808
1278012
2096833
2000172
1608937
1875798
2392178
1340795
1223764
5950078
1455864
1957033
1597309
3683140
1749885
5057953
2672355
7345326
1994248
1335338
2688592
1715604
2143286
1842529
3213939
1289088
7668195
2413723
1543063
1670481
2561679
1017672
2809110
3444004
1696747
9213470
3455533
1717778
7260424
2860216
1653948
2512765
2566730
1310410
1291912
9020501
1597564
2959867
9601119
4692805
2688458
1327864
9993226
1089973
6616726
3382721
1945314
1942314
3358584
2315445
1321439
1185735
3466009
1251636
2843105
3237172
2188352
1812585
2291812
2000981
2005208
2459436
1280202
1410475
5502270
3257728
1850905
2970825
2495127
4114736
1259931
2439772
1538641
1462086
1041919
3153163
2865667
1085603
1820073
9687735
2891287
1890664
1240532
1812577
1796149
2471863
2061312
8294987
3512524
2681412
1759277
3299774
3344045
1223040
1248404
3092675
3182630
1374429
3393980
8531978
2675649
1875890
2343697
5948961
1182699
1120371
1829873
2881477
2095427
3412127
1462256
1486667
1770496
3477259
1604433
1518553
2830596
1137820
3464126
1936849
3515353
2450942
6756093
1906388
1363361
5757758
1762337
6033914
3324481
1226329
1483290
1026929
1787042
1586839
1998854
2076797
1392352
2860442
1453273
2620951
9396287
1208190
2233484
3401564
1274327
1741943
2318869
1867270
4390816
1191615
1268835
2008695
1482287
3800655
2193738
3053377
3355865
2703482
1480453
1674550
1633879
1672222
1619110
1422657
3713519
1749601
2282920
1899152
1921586
1088739
3104615
1208735
2885686
9147507
3313081
2901609
2672479
1855094
1717863
1372180
1317163
2670243
1140018
3123806
2455083
6333992
1213752
3305675
4631651
2546089
2030144
1625106
1648005
1591042
9455474
3368459
1172769
4053324
1202180
2746343
1043390
2789136
1845717
2463587
3954069
1282935
1447969
1655816
1711035
2044586
2489801
1509913
2192114
2242684
7598359
1872804
2625596
2584356
2672197
6507609
2246659
3092847
8939783
2625915
1536622
1499291
8532463
2595678
2302199
2304851
4987392
2635731
1921402
2266937
2945697
9149217
2773911
1450060
1969293
1464167
1845134
1045316
1313814
1966694
2292846
1853542
3006834
1854759
1227727
2766503
1919764
1141822
2054193
1198821
2775177
2550914
2871470
1989939
1780447
2078590
1798674
1418901
1145883
2727235
2767168
1983108
1985477
1529742
2582706
3140316
1852787
2112271
1464993
3084527
2791761
4350632
2562256
1899612
1511357
1793162
7536252
6870942
9484087
1037074
2168081
1842183
3213671
1492562
2500896
1023610
2025451
2788883
2851409
1692847
1037093
1824807
1789450
1825083
3112154
1643734
9362521
2542289
1628944
9943212
2860239
4100819
1306632
2306593
2678600
2453962
1909143
1436432
2459153
7803349
1554446
1334775
1681291
2177335
3031611
3393099
1634119
2453947
3146377
1694694
1541386
2441407
6343928
4322705
2927036
1965507
2245529
1547434
1651577
2692899
1417572
3388648
2050071
1210633
1151275
1517552
8607679
3521604
2047922
2757152
1294405
1521949
4721987
1111441
2719775
1564213
2311211
2642238
2386755
1467330
1146178
3440297
1465881
3059638
1073274
1102092
2152765
1431396
2629842
1020690
1381103
2069452
2863242
3517918
1460465
1005046
2499034
1368055
2147465
2232111
1674105
1416155
1818619
1073780
2934697
2177211
1520225
2994640
1327981
2317105
2119186
1846337
1566192
2500225
2221146
2342894
2342612
1189156
2708904
2643264
3315606
7877425
3382282
2315905
1279413
1208584
1979429
1582631
1371803
1369664
1226577
1506709
3518386
2083810
3428076
1604351
1159265
1559673
1312515
1293799
3073048
1375680
3033398
1123185
1220887
9405760
7650357
2152193
2752072
1156085
2268596
3088278
3160874
6257515
3080649
1208329
1297348
2485075
2373760
2778419
1085208
1042609
1744674
1184802
3353447
2085002
1460894
3516739
1895639
1614561
2077893
1147426
1512323
2260216
7691251
1617068
3122549
5407417
2094166
2367448
1353246
1048766
2020326
1277294
1973787
1382137
1466254
2529622
1862988
2196994
1716483
1945956
1466509
3425586
3344622
1074191
2136204
2173194
1430858
1673106
1300369
4609448
2753034
7985797
2050747
1104307
6445304
1270987
1660318
1836674
1736511
1909707
3245464
2763501
8419887
1505722
3134671
1811289
2818118
2057250
3950684
1273273
1242189
3443283
3158806
2574154
2447199
3472082
1876725
1336945
1920370
1465609
2605172
3227357
2948621
1713575
3442195
3011131
1769268
1905521
7310421
2576282
7300490
1890454
1875719
3200117
1769793
3271948
2264937
2789294
1548527
2955344
1555067
1834339
1969183
1909038
1302233
1782229
1016782
1954474
1805071
1032696
1425749
1453893
2886572
3189280
1129335
1087599
3492467
5694651
1744836
1692727
2338946
3285408
2285994
2593972
2522847
2907275
1030201
1900153
1185059
3180643
8109558
2419518
1517760
2093457
1768104
2161346
1677606
1089258
2357349
1814934
1026503
9934131
1745440
9313467
3116713
3895393
2225717
1306745
2345746
2130547
2143673
1356209
4971653
2522356
3419075
2911513
7598136
2499803
1500065
2051210
3467283
1043098
1231675
3198601
2502131
3206737
1273747
1431438
1939742
9440113
2477074
1746599
1983184
2866614
1927855
2250377
3108885
2676435
1266608
2486504
1085798
2067659
2707401
3440431
1995370
3171507
1246606
1540002
1013979
2017621
3496695
1867239
1869342
3113459
7687063
4323837
1363245
1146491
2403331
1546192
2172398
1443626
2046419
1963584
1589094
3386356
1459932
9503235
1211113
3299007
1993659
1196921
1707719
1153727
1824091
3266547
1424766
1862691
3399029
1472557
1378644
1955992
1346441
3522417
4429762
2852904
3486524
1932264
1803214
1143060
1640528
3518971
1042357
1608746
1628900
3250778
1151261
2536224
2629646
1611417
1183216
1330562
2643934
3257254
1267280
1948371
3358624
1620341
2343650
2657929
2814884
2977752
1647738
2987972
1108419
2030666
